1.5890781977534534
0.7562633088860413
-0.09062732458194672
0.6084679905799935
-0.27361200438943445
0.4489428851067991
0.7797228832203346
0.39029394927106587
-0.8366417884124735
0.4700565020076631
-1.6389592306453042
-0.31349328075773303
2.0301181952381673
0.24719054583187675
0.6295816074808575
-2.051847738928866
0.47474841687452174
-0.135200515817104
-0.0812434948482294
0.1815037376958555
-1.8477494422205145
-0.4214073226954822
-1.7445273151496241
-0.42609923756234086
1.3709041564445257
-0.09766519688223471
0.15100629106127422
-2.6172234803853347
-0.1516222178511093
0.036054376823237075
-0.16100604758482662
-1.2119949777611663
-2.030734122028002
-1.2776817858971876
-0.3158392381911624
0.6530411818151508
1.201995221237614
-1.559196677908707
0.31287735396789795
-0.7826847674435989
0.5897003311125588
0.5732786290785535
1.5914241551868826
-0.4354830672960582
-1.629575400911587
-0.010864771845349515
-1.4630124231381045
-0.8272579586787562
-0.17273583475197327
0.8430637339229264
-0.8601013627467669
-0.6301975342706926
-0.13754647325053332
-1.1838434885600144
0.4653645871408044
0.31287735396789795
-0.8296039161121855
-1.502893699506403
0.939247988693529
-1.0407400851208253
1.1245786259344461
0.05716799372410104
0.012594802488943782
0.2190390566307248
0.5826624588122709
-1.1416162547582864
-2.321632843773239
-1.2448383818291768
-0.11408689891624002
-0.960977532384228
-1.1580379567922916
-2.471774119512716
0.8407177764894971
-1.1064268932568464
0.6647709689822974
-1.4911639123392566
-1.132232425024569
-0.39560179092775954
-1.1838434885600144
-1.5169694441069792
-0.31349328075773303
0.06889778089124769
0.20027139716329015
-0.33226094022516767
-0.4331371098626288
-2.220756674135778
-2.044809866628578
-0.6067379599363992
-0.590316257902394
-1.33867667916635
0.7937986278209106
0.12285480186012228
0.08297352549182367
-1.3855958278349367
-0.5973541302026819
-0.9210962560159294
0.28941777963360465
0.3222611837016153
0.14396841876098623
0.007902887622085122
-0.28299583412315177
0.2683041627327407
-0.4683264713640688
-1.594386039410147
1.159767987435886
0.033708419389807745
-1.0055507236193852
0.3762182046704899
0.12050884442669295
-1.495855827206115
-1.8125600807190747
-0.12581668608338667
0.10174118495925831
-0.8061443417778923
0.1252007592935516
-1.0290102979536786
0.005556930188655792
-0.21730902598713053
-0.2220009408539892
-0.6841545552395671
-0.128162643516816
-1.9298579523905413
0.7984905426877692
-1.2682979561634702
-0.1516222178511093
-0.010864771845349515
-0.32991498279173836
-0.6114298748032579
-0.37918008889375426
-0.4472128544632048
-1.0923511486562705
0.28941777963360465
-1.7632949746170588
-1.9181281652233946
-1.5850022096764298
0.5169756506762496
1.4295530922802588
0.06655182345781836
-0.4307911524291995
-0.17977370705226126
-1.3105251899651982
-0.3885639186274716
-0.13050860095024533
-1.3292928494326328
-0.6747707255058498
0.3785641621039192
-0.4002937057946182
0.6319275649142868
1.194957348937326
1.0049347968295501
0.40671565130507115
-0.7803388100101696
0.505245863509103
-0.20557923881998388
-0.53401327950009
-1.9931988030931331
0.031362461956378415
0.21434714176386613
-1.7116839110816136
-0.42844519499577016
0.4817862891748097
-0.5222834923329434
0.052476078857242384
-0.7404575336418711
0.7633011811863293
0.298801609367322
1.0354322434641314
-0.5175915774660848
0.6178518203137108
1.6359973464220399
-1.8805928462885253
-1.4864719974723979
-0.33226094022516767
0.4677105445742337
-0.07185966511451208
-0.7287277464747244
-1.5216613589738377
-1.387941785268366
-0.27361200438943445
-1.5920400819767178
-1.5240073164072672
-0.9210962560159294
-0.6653868957721325
1.1574220300024567
1.2231088381384778
-0.555126896400954
-0.09297328201537605
0.014940759922373112
-0.9281341283162174
-0.2313847705877065
0.7398416068520359
0.5075918209425323
0.939247988693529
-0.9187502985825001
0.25657437556559404
-1.1697677439594383
-0.8929447668147774
0.0008650153217971333
0.5967382034128469
-1.8195979530193627
-0.8647932776136255
-0.8319498735456149
-1.8829388037219545
-0.5527809389675247
-0.3041094510240157
-0.3369528550920263
-0.5058617902989381
0.34572075803590857
-1.7187217833819015
2.2647139385811004
-1.9392417821242585
0.6905765007500201
-0.32287711049145035
0.45128884254022844
-0.5738945558683887
-0.8366417884124735
-0.08593540971508806
-1.2471843392626063
0.4020237364382125
1.0166645839966968
-0.4378290247294875
2.3116330872496866
-0.5175915774660848
-0.6255056194038339
-0.25953625978885847
-0.32053115305802105
0.07124373832467702
0.45128884254022844
-0.5856243430355352
-0.5269754071998021
-0.5457430666672367
-0.006172856978490855
0.1721199079621382
0.4700565020076631
0.052476078857242384
-0.24546051518828246
-0.9351720006165054
-0.22669285572084785
-0.10001115431566404
0.35745054520305525
-0.7146520018741483
-0.555126896400954
-2.0612315686625835
-0.2149630685537012
-0.14927626041767997
0.35041267290276723
-0.19384945165283723
-0.5598188112678126
0.18619565256271417
-0.6982302998401431
-1.1510000844920036
0.1885416099961435
-0.28768774899001043
0.3222611837016153
1.1151947962007287
-1.6788405070136028
-0.26422817465571713
-0.4096775355283355
0.012594802488943782
0.5498190547442603
0.11347097212640496
-1.7961383786850693
-0.8624473201801962
-0.8905988093813482
-0.5175915774660848
1.3427526672433736
0.7281118196848894
-1.800830293551928
-1.0923511486562705
1.138654370535022
0.6905765007500201
-0.9586315749507986
1.2489143699062004
-0.04370817591336013
0.9204803292260944
1.2536062847730591
-0.2947256212902984
1.67118670792348
-1.4114013596026593
0.33633692830219125
-1.4982017846395446
0.11816288699326362
-0.747495405942159
0.683538628449732
-0.5715485984349593
-0.017902644145637504
0.7234199048180306
-0.9562856175173694
0.043092249123525064
0.897020754891801
-0.3252230679248797
0.4559807574070871
1.7110679842917784
-0.548089024100666
0.08766544035868233
-0.128162643516816
-0.23607668545456517
-0.5175915774660848
0.05716799372410104
-0.5457430666672367
-1.8242898678862214
-1.4817800826055392
0.14396841876098623
-0.2712660469560051
0.3081854391010393
-1.4325149765035232
-1.3034873176649102
-0.40498562066147686
-0.47301838623092746
-1.9275119949571118
-0.2806498766897224
-2.6782183736544973
-1.6647647624130268
0.7797228832203346
-1.2143409351945955
1.3052173483085043
-0.23373072802113584
-1.082967318922553
-0.020248601579066834
-0.03432434617964281
-0.37918008889375426
-0.7357656187750123
-0.14693030298425064
0.3527586303361966
0.17446586539556752
-1.0782754040556946
-1.4536285934043873
0.868869265690649
-1.3902877427017952
0.2354607586647301
0.6295816074808575
-1.2260707223617422
-0.7123060444407191
-1.5920400819767178
0.040746291690095734
0.3785641621039192
0.35979650263648455
-1.8735549739882373
0.48413224660823906
-1.265951998730041
-0.006172856978490855
-1.0407400851208253
0.4020237364382125
0.4348671405062231
0.33399097086876195
-0.8436796607127616
-2.7579809263910944
0.9838211799286862
-0.53401327950009
0.7844147980871933
-0.5246294497663727
0.45363479997365774
0.18384969512928484
-0.6841545552395671
-1.5404290184412723
1.1621139448693152
-0.5598188112678126
-1.0149345533531027
-0.0648217928142241
-0.5504349815340953
0.005556930188655792
-0.2313847705877065
-0.7310737039081537
-0.8084902992113215
0.6999603304837374
-0.5222834923329434
-2.0870371004303063
0.2612662904324527
-1.0454319999876838
-0.9844371067185214
-0.11408689891624002
1.209033093537902
-0.334606897658597
-0.23373072802113584
0.7163820325177427
-1.010242638486244
-0.17273583475197327
1.4764722409488455
-0.348682642259173
-0.4354830672960582
-0.04605413334678946
0.4325211830727938
0.7304577771183186
-1.289411573064334
0.13927650389412757
-1.010242638486244
0.09001139779211166
-0.6489651937381272
0.8547935210900731
-1.6389592306453042
-1.6718026347133148
-0.29941753615715705
1.4553586240479814
-0.013210729278778845
-2.0659234835294424
-1.5404290184412723
0.6952684156168787
0.05951395115753037
-0.1516222178511093
-1.0970430635231292
0.06889778089124769
-0.07420562254794141
-2.1832213552009088
-1.6553809326793096
-0.29707157872372775
0.0618599085909597
1.978507131702722
-1.0078966810528147
-1.7140298685150428
-0.42844519499577016
0.3715262898036312
-0.21730902598713053
0.5568569270445483
0.1650820356618502
-0.2689200895225758
0.7210739473846013
0.9087505420589477
0.291763737067034
0.8618313933903611
0.7445335217188946
-1.0149345533531027
-0.6067379599363992
-0.5762405133018179
0.939247988693529
-0.5527809389675247
0.7398416068520359
-2.03777199432829
0.12754671672698092
1.5538888362520134
-1.167421786526009
-0.22903881315427718
1.0002428819626916
-0.9867830641519506
-1.209649020327737
-0.5809324281686766
0.7773769257869052
-0.22434689828741852
-0.015556686712208175
0.02901650452294909
-1.37386604066779
-0.9656694472510867
-1.0571617871548304
-0.8014524269110336
-1.4067094447358006
0.5638947993448362
-0.6724247680724205
0.26595820529931136
-1.4677043380049632
0.5474730973108309
0.2612662904324527
-1.2800277433306169
0.5427811824439722
-0.1445843455508213
-0.932826043183076
-0.3041094510240157
0.5287054378433963
-0.2783039192562931
-0.9914749790188093
0.40671565130507115
1.5703105382860187
-0.6583490234718445
0.9298641589598117
-0.6043920025029699
-0.17742774961883193
0.4184454384722178
-0.9492477452170813
-1.2378005095288889
0.3973318215713538
-1.6319213583450163
-0.9586315749507986
-0.6231596619704045
-0.16569796245168528
-1.3973256150020834
-0.4448668970297755
-0.25953625978885847
0.10643309982611697
0.6436573520814335
0.7726850109200466
-1.0407400851208253
-0.15396817528453863
-0.49647796056522076
-0.27361200438943445
1.4530126666145522
-0.0413622184799308
-0.24311455775485313
0.46301862970737506
-1.2964494453646223
0.505245863509103
-0.8530634904464789
-0.7216898741744364
1.4764722409488455
-0.010864771845349515
-0.9492477452170813
1.0776594772658594
0.8501016062232144
-1.202611148027449
1.7556411755269357
-0.4612885990637808
-0.4307911524291995
0.6084679905799935
1.4201692625465416
0.22138501406415412
-0.8624473201801962
-0.7216898741744364
0.7093441602174547
-0.5246294497663727
0.3996777790047832
0.22138501406415412
-2.1175345470648876
-1.265951998730041
0.291763737067034
0.07593565319153568
0.9134424569258064
-0.03432434617964281
0.8759071379909371
-1.1955732757271609
0.16273607822842087
0.8266420318889212
1.323985007775939
-0.6771166829392792
0.519321608109679
0.02667054708951976
-0.4378290247294875
0.2941096945004633
-1.9533175267248344
1.5351211767845787
0.39263990670449517
1.1198867110675874
-0.5645107261346713
0.46301862970737506
-0.3017634935905864
-0.932826043183076
-0.5105537051657967
0.7304577771183186
0.6647709689822974
-0.4917860456983621
-0.14693030298425064
-0.37683413146032496
-1.153346041925433
0.4700565020076631
0.2589203329990234
0.13693054646069824
1.5280833044842907
-0.3721422165934663
-0.24076860032142383
0.6671169264157267
-0.334606897658597
1.558580751118872
-0.8084902992113215
-1.209649020327737
0.11112501469297563
-1.4536285934043873
-0.35572051455946097
-0.03432434617964281
-0.18915753678597858
1.0049347968295501
-1.6131536988775816
1.7345275586260718
-2.804900075059681
1.2653360719402058
-0.8577554053133375
1.3896718159119603
-0.8014524269110336
1.5093156450168561
1.302871390875075
0.3996777790047832
0.6506952243817214
0.7023062879171666
-1.8172519955859334
-0.2783039192562931
1.3005254334416458
-0.39560179092775954
0.8289879893223505
0.5240135229765377
-0.35337455712603166
-0.2313847705877065
-1.0477779574211132
0.15335224849470355
-0.13989243068396265
0.2120011843304368
-0.8859068945144895
0.09470331265897032
0.7586092663194706
1.131616498234734
1.0401241583309901
0.38325607697077785
-1.380903912968078
-1.8665171016879492
0.6999603304837374
0.20027139716329015
-0.4847481733980741
-0.9164043411490708
0.25657437556559404
-1.5122775292401205
-0.32991498279173836
1.0166645839966968
0.5779705439454123
0.6506952243817214
-0.583278385602106
0.6436573520814335
-0.13285455838367466
-0.7709549802764523
-0.8507175330130495
0.7609552237528999
0.13223863159383958
-0.960977532384228
-1.3292928494326328
0.16039012079499154
0.09001139779211166
-0.46363455649721014
-0.1047030691825227
-0.37918008889375426
1.5116616024502854
1.4858560706825628
0.22607692893101278
0.7891067129540519
-1.0125885959196732
-0.3604124294263196
1.5609267085523013
0.27768799246645803
0.6319275649142868
-0.5387051943669486
-0.548089024100666
0.040746291690095734
1.523391389617432
-0.4237532801289115
-1.7257596556821895
-0.4941320031317914
-1.8383656124867973
0.18384969512928484
-1.2636060412966115
-1.6624188049795976
0.040746291690095734
0.5920462885459882
-0.017902644145637504
0.13223863159383958
-0.3580664719928903
0.46067267227394576
-0.36979625916003694
0.7398416068520359
-0.9070205114153534
-0.03901626104650147
-0.5997000876361113
-0.17977370705226126
-1.209649020327737
-0.07420562254794141
0.4794403317413804
-0.18915753678597858
0.5638947993448362
-1.010242638486244
-1.3480605089000675
-0.6700788106389911
-0.4683264713640688
-0.46598051393063944
-0.15396817528453863
-1.052469872287972
0.5826624588122709
-0.32287711049145035
-0.29941753615715705
0.8876369251580837
-0.5387051943669486
-0.7123060444407191
-1.0454319999876838
0.20261735459671948
-0.17977370705226126
-0.017902644145637504
-1.4653583805715338
0.23076884379787144
-0.8155281715116096
-0.6372354065709805
-0.024940516445925494
-0.09766519688223471
-0.6700788106389911
0.20965522689700747
-1.6037698691438644
-0.6372354065709805
-0.5926622153358233
0.5357433101436843
-0.9938209364522387
-0.6747707255058498
-0.8413337032793322
0.28941777963360465
-0.0812434948482294
0.5310513952768257
0.13223863159383958
-0.590316257902394
-2.675872416221068
0.9580156481609636
0.8829450102912251
-0.10939498404938136
-1.167421786526009
0.14396841876098623
-2.403741353943266
-0.7615711505427349
0.3785641621039192
-2.2113728444020606
-0.1047030691825227
0.5592028844779776
-0.3392988125254557
-0.8037983843444629
-0.07655157998137074
1.0659296900987127
-0.6184677471035459
2.2529841514139535
-2.1785294403340503
-0.020248601579066834
1.8799769194986902
-0.017902644145637504
0.045438206556954394
0.13927650389412757
0.7586092663194706
-0.9469017877836521
0.47709437430795104
-0.4706724287974981
1.1785356469033206
-0.6020460450695406
-0.25953625978885847
-2.1456860362660395
0.5380892675771136
-1.0313562553871078
0.9228262866595237
-0.8835609370810601
0.9814752224952569
0.3175692688347566
-0.04840009078021879
-1.3410226365997795
0.5075918209425323
0.8383718190560678
-0.7615711505427349
-2.3568222052746792
-0.9914749790188093
-0.6419273214378391
0.8547935210900731
0.32460714113504463
0.4958620337753857
2.6259913833292168
-0.12581668608338667
0.4020237364382125
1.218416923271619
-1.423131146769806
-1.4630124231381045
-0.8624473201801962
0.32460714113504463
-0.12581668608338667
-0.6466192363046979
-0.8859068945144895
0.33399097086876195
1.1574220300024567
0.1721199079621382
1.4272071348468296
1.5820403254531652
-0.9656694472510867
-0.13989243068396265
0.5521650121776895
0.45128884254022844
-0.6700788106389911
-1.6976081664810374
-1.3058332750983395
1.2911416037079284
0.6999603304837374
-0.24546051518828246
0.41609948103878847
-0.2947256212902984
-1.1345783824579985
0.11112501469297563
0.3715262898036312
-0.3651043442931783
-1.5662345502089952
-1.2987954027980515
-0.6348894491375512
-1.2471843392626063
0.9415939461269583
0.4958620337753857
-0.027286473879354824
-1.3222549771323449
-0.39090987606090094
0.30349352423418063
1.516353517317144
-1.5357371035744138
-1.0900051912228412
0.28941777963360465
-1.4841260400389684
-0.09531923944880538
0.5005539486422443
-0.9773992344182333
-1.0782754040556946
0.3081854391010393
-0.060129877947365434
0.34337480060247927
-0.9633234898176574
-1.230762637228601
-0.13050860095024533
-0.3862179611940423
0.11816288699326362
0.5826624588122709
-0.6865005126729965
0.1345845890272689
0.8031824575546279
-1.1205026378574223
0.8876369251580837
-0.5246294497663727
-1.4630124231381045
-1.3410226365997795
0.01963267478923177
-1.3269468919992033
-0.26422817465571713
0.4559807574070871
-0.12347072864995734
0.038400334256666405
-1.2471843392626063
1.4389369220139763
-0.3580664719928903
1.1222326685010167
-1.1697677439594383
-0.6020460450695406
0.13927650389412757
1.2231088381384778
0.06420586602438903
-0.6184677471035459
-1.05950774458826
-0.512899662599226
-1.1416162547582864
-0.6067379599363992
-0.7451494485087297
0.22373097149758345
-1.1932273182937316
0.39263990670449517
-0.39560179092775954
-0.10939498404938136
-0.1680439198851146
-0.56920264100153
0.4419050128065111
-1.3081792325317687
0.46301862970737506
-0.36745030172660764
-0.41671540782862354
-0.6114298748032579
0.1650820356618502
-0.006172856978490855
-1.4653583805715338
0.1252007592935516
0.40671565130507115
0.13927650389412757
0.4207913959056471
-0.008518814411920185
-1.366828168367502
-0.22903881315427718
-0.7498413633755884
-0.3392988125254557
1.579694368019736
-0.03197838874621348
0.06420586602438903
-0.4565966841969221
0.13693054646069824
-2.049501781495437
0.8102203298549159
0.30349352423418063
-1.5990779542770057
0.16039012079499154
-0.9375179580499348
1.323985007775939
-0.5269754071998021
0.07828161062496501
-0.34399072739231434
0.24953650326530608
0.28707182220017535
1.3052173483085043
-0.29941753615715705
-0.6090839173698286
-0.32053115305802105
-0.41671540782862354
-0.11408689891624002
-0.6560030660384152
1.3779420287448136
0.30583948166761
0.2518824606987354
0.13927650389412757
-0.11643285634966935
-1.1134647655571344
-0.7639171079761643
-0.8647932776136255
0.07358969575810635
0.6929224581834493
-0.7639171079761643
0.8172582021552038
0.22138501406415412
2.703407978632385
-0.2313847705877065
0.11347097212640496
-0.09531923944880538
-0.5387051943669486
-0.5668566835681006
-1.552158805608419
1.0072807542629796
-0.07420562254794141
-0.10001115431566404
-0.7005762572735724
-0.8155281715116096
1.5398130916514374
1.4318990497136883
-0.7005762572735724
-1.0477779574211132
-0.7076141295738604
1.7579871329603651
-0.7146520018741483
-0.3111473233243037
-0.11643285634966935
-0.02963243131278415
0.711690117650884
-1.857133271954232
-2.3450924181075323
0.17681182282899685
0.6108139480134228
-0.41906136526205284
-1.5826562522430003
-0.590316257902394
-0.10939498404938136
0.5638947993448362
0.13223863159383958
-0.5011698754320794
0.8289879893223505
0.050130121423813054
1.0682756475321422
-0.47301838623092746
0.7210739473846013
-0.6653868957721325
-1.0454319999876838
0.19088756742957283
-0.5950081727692526
0.5287054378433963
0.14396841876098623
-1.0712375317554066
-1.1932273182937316
0.3175692688347566
-0.8741771073473428
0.6061220331465642
1.1081569239004407
-0.562164768701242
0.5263594804099669
-0.7451494485087297
0.4888241614750977
-1.1205026378574223
-0.4706724287974981
-0.7310737039081537
1.0776594772658594
0.711690117650884
0.19088756742957283
-1.1134647655571344
-0.37683413146032496
1.1621139448693152
-0.7216898741744364
0.32695309856847393
-1.915782207789965
-0.9961668938856679
-0.5715485984349593
-0.590316257902394
-0.7310737039081537
-1.1979192331605903
0.7820688406537639
-0.21261711112027187
0.20965522689700747
0.1885416099961435
0.4207913959056471
0.2354607586647301
0.6366194797811454
0.3996777790047832
-0.4448668970297755
1.4342450071471176
-0.4120234929617649
-0.1047030691825227
0.6882305433165907
1.6758786227903384
0.2284228863644421
1.5961160700537413
-2.6782183736544973
0.31053139653446865
-0.25249838748857045
0.12285480186012228
0.5685867142116949
-0.44252093959634614
-0.2806498766897224
0.491170118908527
0.5240135229765377
-0.6794626403727084
-0.18681157935254925
-0.30645540845744507
0.0618599085909597
0.9064045846255183
-0.8718311499139135
0.8125662872883452
0.05482203629067171
-0.1680439198851146
-0.6935383849732845
-0.5973541302026819
1.2043411786710432
-0.30880136589087437
0.7140360750843133
-1.0407400851208253
-0.2548443449219998
1.0753135198324302
-0.18915753678597858
0.35041267290276723
-1.3597902960672141
-0.37683413146032496
0.5732786290785535
-0.7310737039081537
0.33399097086876195
0.43955905537308176
0.9204803292260944
0.20965522689700747
-0.9422098729167934
-0.010864771845349515
-0.050746048213648115
-0.555126896400954
0.732803734551748
-0.11408689891624002
-0.56920264100153
1.0096267116964088
0.9275182015263823
1.5421590490848667
-1.2941034879311928
-0.6137758322366872
0.2589203329990234
0.31287735396789795
0.32460714113504463
0.3644884175033432
0.2683041627327407
0.06889778089124769
0.5310513952768257
-0.5879703004689646
0.15100629106127422
-0.4917860456983621
0.3222611837016153
0.2049633120301488
0.45128884254022844
0.08766544035868233
-0.932826043183076
-0.9140583837156414
-1.0618537020216892
0.11581692955983429
-0.4589426416303515
0.02432458965609043
-0.2689200895225758
0.1721199079621382
-0.0014809421116321964
-0.5246294497663727
-0.1915034942194079
0.031362461956378415
-0.7357656187750123
1.7204518140254959
0.43017522563936444
-0.6395813640044099
0.21434714176386613
-0.6255056194038339
0.3222611837016153
-0.48944008826493274
-0.5363592369335194
-0.6442732788712685
-0.17977370705226126
-0.42844519499577016
-1.0735834891888358
0.6178518203137108
-0.8061443417778923
0.19088756742957283
-0.19619540908626656
0.09939522752582898
0.7961445852543398
0.32460714113504463
0.291763737067034
-0.4800562585312154
-0.27595796182286375
0.3644884175033432
0.4583267148405164
0.05482203629067171
-1.0219724256533906
-0.17977370705226126
-0.7991064694776042
-0.2220009408539892
-0.027286473879354824
0.5263594804099669
-0.9586315749507986
-0.15396817528453863
2.0606156418727486
-0.48944008826493274
1.218416923271619
-1.125194552724281
1.2887956462744992
0.8430637339229264
0.5263594804099669
0.9885130947955449
-0.7662630654095937
-0.3721422165934663
-0.3979477483611889
0.15100629106127422
0.05951395115753037
-0.56920264100153
-0.17742774961883193
-1.1158107229905638
1.0635837326652835
0.9955509670958329
0.2753420350330287
0.5756245865119829
0.5146296932428204
1.0237024562969848
-0.32991498279173836
-0.5363592369335194
0.5826624588122709
0.15335224849470355
0.8360258616226385
0.010248845055514452
-0.9797451918516626
-1.345714551466638
1.544505006518296
-1.216686892628025
-0.11877881378309868
0.1885416099961435
-1.2706439135968994
-0.7146520018741483
0.5451271398774016
0.18619565256271417
1.194957348937326
-1.331638806866062
-0.7897226397438869
0.8665233082572198
-1.272989871030329
-1.1017349783899877
0.35041267290276723
-0.11174094148281069
1.14569224283531
-0.07420562254794141
-1.7539111448833413
-0.16569796245168528
-0.6442732788712685
1.1245786259344461
0.4419050128065111
-1.0454319999876838
-0.48944008826493274
1.2887956462744992
0.42782926820593514
0.47709437430795104
-0.020248601579066834
-0.8530634904464789
-0.09531923944880538
0.6788467135828734
0.8524475636566438
0.298801609367322
-1.0407400851208253
0.33633692830219125
1.551542878818584
-1.8407115699202266
0.19792543972986082
0.20965522689700747
0.3386828857356206
1.4647424537816989
0.960361605594393
-0.5105537051657967
-0.6301975342706926
0.7163820325177427
-0.29941753615715705
0.9744373501949689
-1.4700502954383925
-0.3181851956245917
0.48413224660823906
-1.0313562553871078
0.34806671546933793
-0.4096775355283355
-0.5152456200326554
-0.34399072739231434
-0.5926622153358233
-0.7216898741744364
0.1345845890272689
0.32695309856847393
0.1416224613275569
1.2207628807050486
-0.4824022159646448
-0.09766519688223471
0.8289879893223505
-0.8014524269110336
0.2753420350330287
-0.40263966322804756
0.3973318215713538
1.4248611774134001
1.3685581990110962
0.2753420350330287
-0.6630409383387031
1.166805859736174
-0.07185966511451208
0.9861671373621156
1.7955224518952342
0.1252007592935516
-0.3862179611940423
-0.4706724287974981
0.9486318184272463
1.267682029373635
0.7421875642854653
-0.5152456200326554
-0.057783920513936105
0.3949858641379245
1.1574220300024567
0.9345560738266703
-0.08358945228165873
-1.636613273211875
1.218416923271619
0.5333973527102549
0.17446586539556752
-1.3410226365997795
0.8712152231240784
0.13693054646069824
-0.17742774961883193
-1.0219724256533906
-0.4096775355283355
-1.580310294809571
-0.20557923881998388
-1.0430860425542545
-1.6248834860447283
-0.5738945558683887
1.1644599023027447
-0.98912902158538
-0.1915034942194079
-0.25015243005514115
-0.062475835380794764
-0.6841545552395671
0.2941096945004633
-1.9673932713254103
1.4553586240479814
-1.5615426353421364
-0.11643285634966935
-0.9210962560159294
0.4348671405062231
-0.0812434948482294
0.6061220331465642
-0.24546051518828246
-0.5363592369335194
-0.6442732788712685
-0.3838720037606129
0.050130121423813054
-1.5920400819767178
-2.577342204017036
1.0330862860307022
0.491170118908527
-0.968015404684516
0.47709437430795104
-1.7492192300164828
-0.5152456200326554
0.22373097149758345
1.2817577739742112
-0.07655157998137074
-0.36745030172660764
0.4817862891748097
1.523391389617432
-0.34399072739231434
0.732803734551748
0.5240135229765377
-0.7779928525767403
-0.6278515768372632
-0.6865005126729965
1.1832275617701793
0.05716799372410104
0.10643309982611697
0.5333973527102549
-0.30880136589087437
-0.5011698754320794
0.512283735809391
0.3856020344042072
-1.0477779574211132
0.6671169264157267
-1.2565681689963235
-0.6724247680724205
0.6108139480134228
0.21434714176386613
-0.22669285572084785
-0.6935383849732845
1.0659296900987127
-1.0571617871548304
-0.4824022159646448
0.30583948166761
-0.48944008826493274
0.24484458839844742
1.6101918146543173
-1.1275405101577105
1.0800054346992887
-0.6818085978061378
-0.13285455838367466
0.4935160763419564
0.4958620337753857
0.040746291690095734
1.851825430297538
0.8477556487897852
-2.129264334232034
-0.932826043183076
0.4231373533390765
-1.1064268932568464
0.5685867142116949
-0.30645540845744507
0.8524475636566438
-1.8289817827530799
0.09470331265897032
-0.18915753678597858
-0.07185966511451208
0.1486603336278449
-0.015556686712208175
0.28941777963360465
0.5099377783759617
1.3005254334416458
-0.6935383849732845
0.21434714176386613
0.4817862891748097
-1.0900051912228412
-0.09531923944880538
0.005556930188655792
-0.9046745539819241
-0.28534179155658107
-0.15631413271796796
-1.5310451887075551
0.5990841608462761
0.16273607822842087
0.050130121423813054
-0.18915753678597858
-0.17977370705226126
2.1403781946093456
0.05482203629067171
1.0002428819626916
-0.30645540845744507
0.5920462885459882
-0.1750817921854026
2.213102875045655
0.29645565193389267
-0.32053115305802105
0.30583948166761
-1.082967318922553
0.6905765007500201
-0.4354830672960582
0.35041267290276723
-0.027286473879354824
1.4858560706825628
-0.9492477452170813
-0.590316257902394
0.6882305433165907
1.4483207517476935
0.2753420350330287
0.23780671609815943
-0.7240358316078657
-1.5709264650758537
-0.5527809389675247
-0.5973541302026819
2.2506381939805244
0.7633011811863293
0.0008650153217971333
2.018388408071021
0.1885416099961435
-0.12581668608338667
0.2120011843304368
-0.9656694472510867
-0.4331371098626288
0.1345845890272689
-0.548089024100666
-0.4706724287974981
-0.21965498342055986
0.16742799309527953
0.40671565130507115
-0.7615711505427349
-0.13989243068396265
-1.1486541270585744
0.1885416099961435
0.11112501469297563
0.746879479152324
0.052476078857242384
0.7304577771183186
0.0219786322226611
1.2770658591073525
-2.3286707160735274
0.3715262898036312
0.5451271398774016
0.33633692830219125
0.967399477894681
-0.3815260463271836
0.1721199079621382
1.5820403254531652
0.2823799073333167
0.5685867142116949
1.4717803260819868
-1.003204766185956
0.050130121423813054
-0.24311455775485313
0.5498190547442603
-0.3651043442931783
-0.5105537051657967
-0.6583490234718445
0.08766544035868233
-0.03432434617964281
-1.5779643373761416
0.5028999060756737
-1.4677043380049632
0.24953650326530608
-1.9392417821242585
-0.8272579586787562
-0.8999826391150655
0.040746291690095734
-0.4120234929617649
-0.9351720006165054
-0.32053115305802105
-1.2917575304977635
0.01963267478923177
-0.25953625978885847
-0.6865005126729965
1.1151947962007287
0.22373097149758345
-2.7485970966573774
-0.982091149285092
0.7023062879171666
0.3715262898036312
-0.6794626403727084
-1.8031762509853573
-0.3041094510240157
-0.8601013627467669
1.0635837326652835
-0.5457430666672367
0.9064045846255183
1.1222326685010167
-1.44424476367067
1.0987730941667233
-0.3580664719928903
-0.8272579586787562
-0.5527809389675247
-0.03667030361307214
-0.768609022843023
0.3715262898036312
0.6131599054468522
0.01728671735580244
0.33399097086876195
-0.7123060444407191
-0.5269754071998021
0.036054376823237075
0.12754671672698092
-0.747495405942159
0.40436969387164184
-1.4888179549058271
0.8172582021552038
-0.53401327950009
-1.0337022128205373
-0.3252230679248797
0.23076884379787144
0.47474841687452174
1.0096267116964088
-0.09062732458194672
0.4090616087385005
-1.1017349783899877
-1.4254771042032353
-0.2478064726217118
-0.022594559012496164
-0.3510285996926023
-1.594386039410147
-0.5715485984349593
-0.07655157998137074
-0.09766519688223471
-0.6466192363046979
-0.590316257902394
0.10408714239268764
0.6905765007500201
-1.1017349783899877
-0.10235711174909337
-0.09531923944880538
0.49820799120881504
-0.7169979593075777
-0.6184677471035459
0.8641773508237904
-0.6771166829392792
2.027772237804738
0.6413113946480041
-0.18211966448569059
1.6993381971246317
-1.601423911710435
1.3990556456456775
-1.4090554021692299
0.7773769257869052
0.8172582021552038
-0.057783920513936105
-1.79379242125164
0.41609948103878847
0.19088756742957283
-2.1855673126343382
0.4254833107725058
0.9861671373621156
0.48647820404166836
-0.7615711505427349
-0.22434689828741852
-0.07420562254794141
-0.9633234898176574
-0.6161217896701165
0.4794403317413804
-0.7076141295738604
-2.14334007883261
-1.0008588087525265
0.3715262898036312
-1.4817800826055392
-0.9515937026505107
-0.03667030361307214
0.5990841608462761
0.20261735459671948
-0.7193439167410071
-0.5879703004689646
0.753917351452612
0.4465969276733698
0.012594802488943782
0.46301862970737506
-0.6865005126729965
-0.7381115762084417
0.06420586602438903
-0.020248601579066834
-0.0812434948482294
0.11816288699326362
-0.8694851924804842
-0.4847481733980741
-0.4565966841969221
-0.5762405133018179
-0.5058617902989381
-1.2518762541294648
0.7351496919851773
-0.008518814411920185
-0.5715485984349593
-1.4278230616366645
-0.9257881708827881
-0.4847481733980741
-0.26188221722228777
-0.16335200501825595
0.09470331265897032
-0.18681157935254925
-0.0014809421116321964
-0.37683413146032496
1.5961160700537413
0.2354607586647301
0.8383718190560678
-0.7779928525767403
1.0190105414301263
0.3715262898036312
-0.28768774899001043
-0.2313847705877065
-1.5990779542770057
-1.5052396569398325
-0.0413622184799308
-0.6466192363046979
-0.34399072739231434
0.2518824606987354
-1.0712375317554066
-1.7374894428493362
0.39029394927106587
0.8805990528577957
0.3996777790047832
-0.5433971092338074
-0.5715485984349593
-0.1750817921854026
-1.9181281652233946
0.085319482925253
-0.13989243068396265
2.079383301340183
0.3621424600699139
1.2934875611413577
0.26361224786588205
-0.24546051518828246
-1.4700502954383925
-0.29003370642343973
-0.12581668608338667
-0.3815260463271836
-1.8805928462885253
-0.7733009377098816
-0.46363455649721014
-1.7984843361184988
0.48413224660823906
1.0401241583309901
-0.19384945165283723
-1.472396252871822
-1.1228485952908518
0.8946747974583718
-0.6020460450695406
0.6319275649142868
0.4583267148405164
-1.416093274469518
-0.4073315780949062
-0.24311455775485313
0.7586092663194706
1.131616498234734
1.1621139448693152
1.7134139417252077
0.889982882591513
0.7163820325177427
1.2371845827390537
-0.4214073226954822
0.7069982027840254
-1.0782754040556946
0.41375352360535916
-0.1985413665196959
0.4348671405062231
-1.387941785268366
-1.3550983812003554
-0.3510285996926023
0.6319275649142868
0.9580156481609636
-0.7521873208090176
-0.07889753741480007
-1.4395528488038112
1.664148835623192
0.007902887622085122
0.868869265690649
0.2683041627327407
0.298801609367322
1.0729675623990007
-1.5638885927755657
1.7181058565920664
1.352136496977091
0.46301862970737506
-0.8882528519479188
1.4436288368808348
0.5310513952768257
0.19088756742957283
0.31053139653446865
-0.5433971092338074
1.3615203267108082
-0.9985128513190973
1.2301467104387658
0.5779705439454123
0.20027139716329015
0.5146296932428204
0.8759071379909371
-0.8577554053133375
0.4958620337753857
-0.8202200863784682
-0.6208137045369753
0.36683437493677257
-1.258914126429753
-0.09531923944880538
-0.4096775355283355
-0.07655157998137074
-0.9656694472510867
0.718727989951172
-0.06716775024765342
-0.33226094022516767
-1.2776817858971876
-1.0923511486562705
-0.5668566835681006
-1.2190328500614542
-1.0946971060896997
0.010248845055514452
-0.003826899545061526
0.8219501170220626
-1.5732724225092831
-0.10704902661595203
-0.16335200501825595
-1.5662345502089952
-0.2689200895225758
-0.8812149796476308
-0.09062732458194672
0.7726850109200466
-1.0665456168885479
0.6460033095148627
1.2113790509713311
0.24484458839844742
-0.4143694503951942
0.3973318215713538
0.3996777790047832
-0.8624473201801962
-0.2478064726217118
1.244222455039342
-0.07185966511451208
-0.4847481733980741
-0.5527809389675247
-0.5809324281686766
-0.33226094022516767
-0.003826899545061526
-0.37683413146032496
-2.206680929535202
-0.9492477452170813
-0.7193439167410071
-0.4542507267634928
0.897020754891801
0.08062756805839434
0.12285480186012228
-0.07655157998137074
0.16273607822842087
0.24484458839844742
1.450666709181123
-0.8882528519479188
0.9064045846255183
0.085319482925253
0.4442509702399404
-0.6653868957721325
-0.5879703004689646
0.8055284149880572
-0.050746048213648115
-1.5474668907415605
0.11816288699326362
-0.4002937057946182
0.010248845055514452
-0.24546051518828246
-1.7398354002827654
0.30583948166761
0.5990841608462761
-0.7803388100101696
0.6225437351805695
0.8360258616226385
-1.0923511486562705
-0.5105537051657967
-1.6835324218804615
-0.5457430666672367
0.0618599085909597
0.1345845890272689
-1.3832498704015073
-0.7216898741744364
-2.1832213552009088
2.2107569176122257
-1.8876307185888133
-0.7662630654095937
-0.5058617902989381
0.0219786322226611
-0.36979625916003694
0.4817862891748097
1.8166360687960983
-0.6301975342706926
-0.03667030361307214
-1.1017349783899877
-0.37918008889375426
0.6342735223477162
0.0219786322226611
-1.1087728506902759
-0.7428034910753003
0.20730926946357814
-0.5457430666672367
-0.932826043183076
-0.6935383849732845
-0.5363592369335194
-0.39090987606090094
-0.4307911524291995
-0.37683413146032496
0.19792543972986082
0.2190390566307248
0.4489428851067991
-0.6442732788712685
-0.013210729278778845
0.11816288699326362
-0.5879703004689646
-0.4096775355283355
0.5967382034128469
0.7586092663194706
-1.1228485952908518
0.6178518203137108
-1.181497531126585
-0.5574728538343833
-0.7005762572735724
-0.583278385602106
-0.939863915483364
-1.2471843392626063
-0.003826899545061526
1.6359973464220399
-0.8859068945144895
-0.17038987731854394
0.24719054583187675
0.8946747974583718
0.0219786322226611
0.9415939461269583
-0.8812149796476308
0.37387224723706053
2.2881735129153937
-0.30645540845744507
-1.0290102979536786
0.8055284149880572
2.9919607429441926
0.3527586303361966
-0.5152456200326554
0.3410288431690499
0.9087505420589477
-0.9046745539819241
-1.1510000844920036
-0.44955881189663416
0.9627075630278222
-0.6606949809052738
-0.7404575336418711
0.47709437430795104
-0.7779928525767403
0.24953650326530608
-0.8014524269110336
-1.5193154015404085
-0.4941320031317914
-0.6794626403727084
-0.2313847705877065
-1.3973256150020834
-0.27595796182286375
-0.7803388100101696
-0.6747707255058498
1.544505006518296
0.8594854359569317
0.1721199079621382
-0.7381115762084417
0.4724024594410924
-0.34633668482574365
0.01728671735580244
-0.8202200863784682
-0.9469017877836521
0.6225437351805695
0.6436573520814335
-0.6255056194038339
0.9932050096624035
-1.2143409351945955
0.14631437619441556
-0.7592251931093057
-1.5568507204752777
-1.9017064631893892
0.8829450102912251
-1.7257596556821895
1.3755960713113844
-0.15396817528453863
0.1815037376958555
0.7984905426877692
-1.1932273182937316
2.7925543611026993
0.34806671546933793
0.34572075803590857
1.1902654340704673
2.9145441476410245
-1.3597902960672141
-0.7521873208090176
1.544505006518296
-0.10001115431566404
0.8524475636566438
1.1198867110675874
-0.8014524269110336
-1.1040809358234172
0.5685867142116949
1.7181058565920664
-0.9961668938856679
-0.7169979593075777
-0.334606897658597
-0.25015243005514115
0.43017522563936444
-0.8178741289450389
-0.21261711112027187
0.5662407567782656
-0.9656694472510867
-0.6043920025029699
0.7891067129540519
-2.0119664625605678
-0.8647932776136255
0.7844147980871933
0.7140360750843133
-0.02963243131278415
1.1410003279684513
1.4201692625465416
-1.430169019070094
2.1380322371759166
1.0635837326652835
-2.227794546436066
-1.2565681689963235
0.8665233082572198
-0.6888464701064257
0.1486603336278449
0.31053139653446865
2.1450701094762046
-1.9556634841582639
-0.6255056194038339
-1.1768056162597262
-0.22669285572084785
2.065307556739607
0.5028999060756737
-1.2706439135968994
-0.18211966448569059
-0.16569796245168528
0.14396841876098623
-0.4448668970297755
-2.6172234803853347
0.718727989951172
0.6905765007500201
-1.552158805608419
-0.07185966511451208
-0.8413337032793322
-2.115188589631458
-0.09531923944880538
-0.14223838811739198
-0.3181851956245917
1.244222455039342
-0.5035158328655087
0.3316450134353326
-0.5574728538343833
0.6882305433165907
-1.2284166797951717
0.5685867142116949
-0.733419661341583
1.2864496888410697
-0.027286473879354824
-1.0618537020216892
-1.2354545520954596
0.05716799372410104
-1.0853132763559825
-0.0413622184799308
-0.3651043442931783
2.2811356406151053
-0.1586600901513973
-1.6788405070136028
-0.5269754071998021
-0.6348894491375512
-0.2923796638568691
-1.857133271954232
-0.5246294497663727
-0.9351720006165054
-0.9375179580499348
-1.082967318922553
-1.0219724256533906
0.6155058628802815
0.036054376823237075
-2.753289011524236
-1.0501239148545425
0.5357433101436843
-0.334606897658597
0.7492254365857532
-0.7169979593075777
0.9861671373621156
1.0917352218664353
0.5216675655431083
-0.8882528519479188
0.3949858641379245
0.4817862891748097
-0.12347072864995734
-1.594386039410147
0.045438206556954394
-0.2923796638568691
-0.705268172140431
0.040746291690095734
-0.28534179155658107
0.7421875642854653
-0.06951370768108275
-0.8976366816816361
-0.775646895143311
-0.8530634904464789
0.14396841876098623
0.34337480060247927
-0.8577554053133375
1.2817577739742112
-0.8577554053133375
0.5685867142116949
0.32695309856847393
0.4465969276733698
-0.24311455775485313
0.8360258616226385
-1.0313562553871078
1.037778200897561
-0.7592251931093057
1.4459747943142642
0.5146296932428204
-0.775646895143311
-0.7639171079761643
-0.3979477483611889
1.1902654340704673
1.2043411786710432
0.540435225010543
0.697614373050308
0.939247988693529
1.5140075598837148
-0.30880136589087437
-0.6489651937381272
-0.11408689891624002
-1.7632949746170588
0.25422841813216474
1.309909263175363
-0.7005762572735724
0.30583948166761
-0.8999826391150655
0.3527586303361966
0.3081854391010393
-0.6231596619704045
0.5568569270445483
-0.35572051455946097
1.736873516059501
-0.04605413334678946
-0.3017634935905864
-0.055437963080506775
-0.6724247680724205
0.5005539486422443
-0.135200515817104
-0.11877881378309868
-0.18211966448569059
0.045438206556954394
-0.08358945228165873
0.07124373832467702
0.5943922459794175
-0.07655157998137074
-0.9562856175173694
-0.8530634904464789
0.4231373533390765
-0.2571903023554291
-1.33867667916635
-1.836019655053368
-1.2378005095288889
-0.5152456200326554
1.2629901145067766
-0.95393966008394
-0.15631413271796796
-0.6090839173698286
-1.5638885927755657
-0.29003370642343973
-0.6231596619704045
-1.1439622121917157
-1.230762637228601
0.8876369251580837
-0.6208137045369753
-0.2712660469560051
0.540435225010543
0.033708419389807745
0.8712152231240784
0.28707182220017535
0.32695309856847393
-0.2923796638568691
0.732803734551748
-0.4214073226954822
0.05716799372410104
-0.7381115762084417
-2.1972970998014847
0.41375352360535916
-1.2190328500614542
0.1815037376958555
0.20261735459671948
-0.7451494485087297
-0.9070205114153534
1.4365909645805468
-0.22903881315427718
-1.857133271954232
0.12285480186012228
0.16977395052870886
0.14396841876098623
-0.1047030691825227
-0.9703613621179453
-1.0290102979536786
-2.0236962497277142
1.4952399004162802
0.5169756506762496
0.29645565193389267
-0.6489651937381272
-0.34399072739231434
0.5826624588122709
-0.3815260463271836
0.3856020344042072
-0.5598188112678126
-0.6771166829392792
-1.1345783824579985
1.2254547955719073
2.4218930866208654
-1.0806213614891238
-0.11174094148281069
-0.42844519499577016
-0.39090987606090094
0.0008650153217971333
0.3386828857356206
0.12050884442669295
0.47709437430795104
-1.174459658826297
-0.13285455838367466
-0.4448668970297755
0.284725864766746
1.274719901673923
1.2043411786710432
0.6366194797811454
0.4465969276733698
0.005556930188655792
1.047162030631278
0.12050884442669295
-0.562164768701242
1.2817577739742112
-0.7005762572735724
0.6577330966820094
-0.7639171079761643
-1.4512826359709579
-1.622537528611299
0.02667054708951976
-0.060129877947365434
-0.1516222178511093
-0.6911924275398551
-0.1047030691825227
0.3715262898036312
-0.6231596619704045
-0.015556686712208175
0.28941777963360465
1.4201692625465416
0.3386828857356206
-0.8366417884124735
0.2190390566307248
-0.015556686712208175
0.16977395052870886
1.3497905395436616
-0.055437963080506775
-0.03667030361307214
-1.594386039410147
0.29645565193389267
0.34337480060247927
1.450666709181123
1.0753135198324302
-0.1985413665196959
-1.5122775292401205
-0.562164768701242
-0.003826899545061526
-1.0618537020216892
0.5756245865119829
-0.17742774961883193
0.2941096945004633
-1.8313277401865093
0.22607692893101278
-0.4565966841969221
-0.32287711049145035
0.43017522563936444
-0.5316673220666607
-0.4448668970297755
0.8547935210900731
0.1955794822964315
0.0219786322226611
0.34806671546933793
0.031362461956378415
0.8547935210900731
0.12989267416041025
-1.331638806866062
-0.9773992344182333
0.7210739473846013
-1.2987954027980515
1.1363084131015926
0.8735611805575078
-0.41671540782862354
0.868869265690649
-0.42844519499577016
-2.3169409289063805
-0.747495405942159
-0.6090839173698286
-0.21730902598713053
-1.3339847642994913
0.7515713940191826
-1.8477494422205145
0.6999603304837374
0.5240135229765377
-0.5527809389675247
0.8196041595886332
-0.16569796245168528
-1.05950774458826
-0.17038987731854394
0.4184454384722178
-0.3838720037606129
-0.0812434948482294
1.579694368019736
-1.2119949777611663
0.003210972755226463
1.0729675623990007
-0.21261711112027187
0.1580441633615622
-0.6911924275398551
-1.0970430635231292
1.3474445821102323
0.3386828857356206
1.1808816043367498
-1.3480605089000675
-1.3762119981012193
0.16742799309527953
-0.16100604758482662
-0.09531923944880538
-0.11643285634966935
0.9509777758606757
-0.5645107261346713
0.0618599085909597
1.1973033063707552
0.42782926820593514
0.6671169264157267
-0.5316673220666607
-0.8694851924804842
0.9697454353281103
-0.07185966511451208
-0.733419661341583
0.01728671735580244
-1.3175630622654861
-1.3128711473986274
0.09939522752582898
0.01963267478923177
-0.07889753741480007
-0.04370817591336013
0.9228262866595237
1.0190105414301263
0.9838211799286862
-0.733419661341583
0.8501016062232144
-0.006172856978490855
-0.30880136589087437
-0.7240358316078657
-1.3433685940332087
-0.2923796638568691
-2.1785294403340503
0.45128884254022844
0.6647709689822974
-0.7099600870072897
0.05951395115753037
-1.2260707223617422
-1.0383941276873958
0.8477556487897852
0.9720913927615396
-0.35572051455946097
0.7820688406537639
-0.11408689891624002
-1.6976081664810374
-0.8577554053133375
-0.18446562191911992
1.8565173451643968
-0.6395813640044099
0.7140360750843133
0.291763737067034
-0.3744881740268956
0.08297352549182367
0.28941777963360465
1.103465009033582
0.1345845890272689
-1.0290102979536786
1.1855735192036085
-0.8741771073473428
-1.160383914225721
-0.49882391799865006
0.6178518203137108
-1.836019655053368
0.4935160763419564
-0.590316257902394
1.5327752193511495
1.9057824512664128
-1.6835324218804615
-0.07655157998137074
1.1644599023027447
0.8665233082572198
1.3873258584785308
0.10174118495925831
-1.0548158297214012
0.6460033095148627
-1.4348609339369527
-0.3815260463271836
-0.11408689891624002
-0.9422098729167934
-1.0923511486562705
0.08297352549182367
-0.07420562254794141
0.01728671735580244
-0.9515937026505107
-0.4824022159646448
-0.6536571086049858
-0.30645540845744507
0.8594854359569317
-0.9210962560159294
-2.1879132700677673
0.16742799309527953
-0.8507175330130495
-0.8882528519479188
-0.8225660438118976
-1.7773707192176347
0.3715262898036312
-0.1586600901513973
-0.2149630685537012
-1.8102141232856452
0.6671169264157267
0.7703390534866172
-2.030734122028002
-0.8014524269110336
-0.024940516445925494
-0.968015404684516
-0.32287711049145035
1.1363084131015926
0.9650535204612516
0.6037760757131349
0.4348671405062231
3.325086698491157
0.4559807574070871
-0.5504349815340953
-0.4612885990637808
-0.16100604758482662
0.7609552237528999
0.11816288699326362
-0.9985128513190973
0.22607692893101278
-0.21027115368684254
-0.7451494485087297
0.23311480123130077
0.24719054583187675
-0.33226094022516767
0.40436969387164184
-0.6231596619704045
0.3785641621039192
-0.8342958309790443
-1.4559745508378166
-1.1040809358234172
-0.4002937057946182
0.5568569270445483
-0.11174094148281069
0.5826624588122709
0.047784163990383724
0.3785641621039192
-0.25953625978885847
-2.1245724193651756
-0.17977370705226126
-0.8812149796476308
-0.12581668608338667
0.284725864766746
-1.153346041925433
1.694646282257773
-0.5058617902989381
1.3849799010451016
1.194957348937326
0.08297352549182367
-0.07655157998137074
-0.5269754071998021
0.15100629106127422
-0.6958843424067138
-0.02963243131278415
0.8524475636566438
-0.5058617902989381
-0.1750817921854026
0.2589203329990234
1.1058109664670115
0.4090616087385005
-0.5668566835681006
-0.98912902158538
1.0870433069995769
-0.35337455712603166
0.519321608109679
-0.7803388100101696
2.4875798947568866
0.7961445852543398
0.2729960775995994
0.7633011811863293
1.1339624556681633
0.6671169264157267
0.1345845890272689
0.5615488419114069
1.2911416037079284
-0.07185966511451208
-0.4824022159646448
-0.1047030691825227
-1.4325149765035232
0.4700565020076631
-0.5293213646332313
0.4888241614750977
0.7398416068520359
0.8313339467557799
-2.0612315686625835
1.0776594772658594
0.3175692688347566
1.4365909645805468
-0.8530634904464789
-0.747495405942159
1.2653360719402058
-0.5926622153358233
0.8594854359569317
0.8383718190560678
0.491170118908527
1.4717803260819868
-0.3510285996926023
-0.33226094022516767
-0.2947256212902984
0.967399477894681
0.16273607822842087
-0.4002937057946182
0.20261735459671948
-0.6747707255058498
0.9814752224952569
-0.562164768701242
0.43721309793965246
0.1416224613275569
-0.26188221722228777
0.7562633088860413
1.488202028115992
-0.4143694503951942
-1.5263532738406964
0.1416224613275569
-0.08593540971508806
1.1081569239004407
0.1955794822964315
0.1416224613275569
-0.14927626041767997
-1.0149345533531027
-0.9586315749507986
-1.0735834891888358
-0.013210729278778845
-0.8788690222142015
1.2582981996399178
-0.3580664719928903
0.2354607586647301
-1.709337953648184
0.7656471386197586
0.06655182345781836
-0.5011698754320794
0.43721309793965246
-0.17038987731854394
-0.9210962560159294
1.6899543673909145
0.7820688406537639
-0.3815260463271836
1.1644599023027447
-0.8108362566447509
0.4583267148405164
0.8782530954243664
1.4623964963482694
0.33399097086876195
0.8665233082572198
-1.5896941245432883
0.4465969276733698
-0.29003370642343973
0.15569820592813288
-2.406087311376695
0.24719054583187675
1.2113790509713311
-0.4378290247294875
0.5803165013788415
2.3045952149493987
1.4389369220139763
-0.6982302998401431
0.20965522689700747
1.7767547924277995
0.0618599085909597
2.6283373407626462
0.6178518203137108
0.22607692893101278
0.6201977777471401
0.5990841608462761
-0.008518814411920185
1.5046237301499974
0.23076884379787144
-0.8835609370810601
-0.6137758322366872
0.8242960744554918
-0.6208137045369753
-0.9797451918516626
1.0072807542629796
1.3544824544105203
-0.8037983843444629
0.2729960775995994
1.729835643759213
-0.5316673220666607
-1.0712375317554066
-0.8296039161121855
2.7174837232329607
1.5210454321840028
1.8166360687960983
-0.5082077477323674
0.6882305433165907
0.3152233114013273
2.5649964900600546
-0.7944145546107456
1.0706216049655715
-0.23607668545456517
-0.34633668482574365
-0.4120234929617649
-0.5856243430355352
0.3996777790047832
0.06655182345781836
-0.39560179092775954
0.12050884442669295
-0.13285455838367466
0.6811926710163028
1.4952399004162802
0.7703390534866172
0.9415939461269583
0.35041267290276723
-0.4448668970297755
0.6272356500474281
0.298801609367322
-1.0993890209565584
-0.11408689891624002
-0.30880136589087437
0.4653645871408044
1.6571109633229038
-0.44252093959634614
1.2489143699062004
0.9298641589598117
2.7055282379402956
0.18831591187062482
1.6756529246648197
1.434019309021599
-0.5037415309910274
0.516749952550731
1.4668627130896095
1.3143754799167031
1.541933350959348
0.7794971850948159
1.846907817305161
0.6551614411230614
0.5613231437858882
2.7665231312094583
1.8211022855374381
0.4416793146809924
0.4299495275138458
1.1337367575426447
0.3361112301766726
1.926670370041758
-0.21518876667921988
2.743063556875165
0.9179086736671463
0.3759925065449712
2.004086965344926
1.4598248407893215
2.126076751883251
0.303267826108662
1.7038044138659718
0.7748052702279572
1.4598248407893215
1.5653929252936414
0.282154209207798
2.4850082391979385
1.6709610097979612
1.877405263939742
0.9038329290665703
1.4363652664550282
0.7888810148285332
0.6786210154573548
0.9624818649023036
0.8146865465962558
1.6756529246648197
-0.11665855447518803
2.161266113384691
0.303267826108662
0.5308256971513069
-0.5881959985944832
-0.04158791660544948
1.136082714976074
-0.45213046745558216
2.5999601534359758
1.1478125021432206
1.391792075219871
1.4973601597241908
0.6504695262562028
-0.7946402527362643
0.06632612533229969
1.171272076477514
1.0703959068400528
0.10408714239268764
0.7844147980871933
-0.2079251962534132
-0.7521873208090176
-0.7733009377098816
0.5287054378433963
-0.8835609370810601
0.3644884175033432
-0.9046745539819241
0.7562633088860413
-0.6137758322366872
1.2207628807050486
0.21434714176386613
-0.08358945228165873
0.5075918209425323
0.15569820592813288
1.3474445821102323
-0.8835609370810601
0.6201977777471401
-1.502893699506403
-0.29707157872372775
-0.24076860032142383
-1.5122775292401205
-0.1750817921854026
0.20965522689700747
0.25422841813216474
-0.13285455838367466
0.06655182345781836
0.2190390566307248
-0.20557923881998388
-0.1915034942194079
0.7773769257869052
0.5638947993448362
1.6172296869546052
0.8407177764894971
1.3967096882122483
0.4325211830727938
0.3762182046704899
0.9275182015263823
-0.003826899545061526
0.003210972755226463
-1.3762119981012193
0.6624250115488681
-0.3721422165934663
-0.30880136589087437
1.6758786227903384
-0.11408689891624002
0.5967382034128469
-0.47301838623092746
0.7726850109200466
-0.5668566835681006
-0.8976366816816361
1.6664947930566212
1.218416923271619
0.45128884254022844
1.0166645839966968
-1.1486541270585744
0.8219501170220626
0.43017522563936444
-0.8131822140781803
-0.7803388100101696
1.6477271335891865
0.7421875642854653
-1.9368958246908292
-2.1738375254671913
0.3175692688347566
-0.128162643516816
-0.6536571086049858
-0.7662630654095937
0.3856020344042072
-0.796760512044175
0.9978969245292623
1.201995221237614
-1.2565681689963235
-0.8296039161121855
0.08062756805839434
-0.34633668482574365
-0.2313847705877065
-1.437206891370382
0.09001139779211166
-0.36745030172660764
-0.09297328201537605
0.8735611805575078
-0.24311455775485313
-0.06951370768108275
-0.334606897658597
1.450666709181123
1.1691518171696034
-0.41671540782862354
0.7844147980871933
0.8759071379909371
-0.04840009078021879
-0.5856243430355352
-1.2636060412966115
-1.4911639123392566
0.3879479918376365
-0.3979477483611889
-0.060129877947365434
-0.02963243131278415
0.3222611837016153
-0.0014809421116321964
-2.0166583774274263
-0.362758386859749
0.1721199079621382
-0.960977532384228
1.729835643759213
-1.4043634873023714
0.043092249123525064
0.3644884175033432
1.3896718159119603
0.9157884143592356
-0.8647932776136255
1.0940811792998648
0.052476078857242384
0.46301862970737506
-0.733419661341583
-0.7005762572735724
1.1198867110675874
-0.2712660469560051
-1.3691741258009313
-0.29003370642343973
-0.9844371067185214
-0.128162643516816
-0.7099600870072897
-0.7310737039081537
-0.20088732395312522
-0.6395813640044099
0.1252007592935516
-0.2384226428879945
1.1621139448693152
0.7656471386197586
-0.8296039161121855
-0.7873766823104577
0.27768799246645803
1.5914241551868826
-1.174459658826297
-0.03432434617964281
-0.2149630685537012
-1.132232425024569
0.08297352549182367
-0.42609923756234086
0.0008650153217971333
-0.5645107261346713
1.1339624556681633
0.911096499492377
-1.010242638486244
0.19323352486300216
-0.13989243068396265
0.3996777790047832
0.47474841687452174
0.11347097212640496
0.5099377783759617
0.7093441602174547
0.7069982027840254
0.16977395052870886
1.0588918177984248
1.2653360719402058
-1.209649020327737
0.3175692688347566
1.117540753634158
0.3949858641379245
-0.29941753615715705
0.6694628838491561
-0.8436796607127616
-0.5035158328655087
0.085319482925253
-0.062475835380794764
0.5498190547442603
0.4090616087385005
0.6671169264157267
-0.3721422165934663
-0.03432434617964281
-0.41671540782862354
0.8149122447217745
-0.3651043442931783
0.41375352360535916
-0.932826043183076
0.15335224849470355
0.12285480186012228
-0.18915753678597858
0.8993667123252304
-0.062475835380794764
0.4677105445742337
-0.726381789041295
-0.555126896400954
0.889982882591513
0.284725864766746
0.9134424569258064
0.3762182046704899
-0.48709413083150344
-0.26657413208914643
-0.4612885990637808
1.1433462854018808
0.4724024594410924
-0.13050860095024533
0.4090616087385005
-1.7679868894839175
0.32460714113504463
0.5685867142116949
-0.32991498279173836
0.939247988693529
-0.7615711505427349
0.7023062879171666
1.0987730941667233
0.6741547987160147
1.0635837326652835
0.32460714113504463
-0.4472128544632048
0.09470331265897032
0.17681182282899685
0.15335224849470355
0.2049633120301488
-0.34633668482574365
1.687608409957485
0.07124373832467702
1.621921601821464
-0.5527809389675247
-1.6905702941807494
-0.08593540971508806
0.11816288699326362
0.21669309919729546
0.28941777963360465
-0.08358945228165873
1.2489143699062004
-0.1516222178511093
0.5099377783759617
1.4459747943142642
-0.09531923944880538
1.5843862828865947
-0.21730902598713053
-1.0313562553871078
1.56561862341916
0.3222611837016153
0.8993667123252304
0.6389654372145748
-0.062475835380794764
0.7562633088860413
1.6125377720877465
0.43721309793965246
0.21669309919729546
0.3996777790047832
-0.37918008889375426
0.5709326716451242
-0.17977370705226126
0.25657437556559404
0.10408714239268764
-0.17273583475197327
0.298801609367322
1.4835101132491335
-2.0964209301640238
-0.45190476933006346
-0.6818085978061378
-1.118156680423993
0.25422841813216474
-0.34633668482574365
-1.615499656311011
0.5028999060756737
1.7134139417252077
0.6014301182797055
-0.26657413208914643
-0.8155281715116096
-0.03432434617964281
0.4114075661719298
0.20261735459671948
0.8923288400249424
0.8196041595886332
0.2284228863644421
-1.1932273182937316
-0.21027115368684254
0.6600790541154388
-0.057783920513936105
-2.2231026315692075
0.17446586539556752
-0.32053115305802105
0.6647709689822974
-0.45190476933006346
1.0846973495661474
-1.082967318922553
0.5568569270445483
-0.135200515817104
-0.08358945228165873
-0.7076141295738604
1.2066871361044726
-0.3181851956245917
-2.1597617808666154
-0.35337455712603166
1.194957348937326
1.2864496888410697
-0.8647932776136255
0.7703390534866172
0.6178518203137108
-0.30880136589087437
-0.9281341283162174
0.09939522752582898
0.6999603304837374
1.0846973495661474
0.3644884175033432
0.7492254365857532
-1.709337953648184
-1.5545047630418485
0.5826624588122709
-0.5997000876361113
0.2284228863644421
0.3222611837016153
1.3357147949430856
-0.5738945558683887
0.07358969575810635
-1.0008588087525265
2.5227692562583264
1.67118670792348
0.4090616087385005
1.2160709658381899
-1.4583205082712458
0.6225437351805695
-1.1017349783899877
0.35745054520305525
1.4764722409488455
-0.28299583412315177
0.519321608109679
0.34806671546933793
0.37387224723706053
-0.5387051943669486
0.5263594804099669
0.0008650153217971333
1.6477271335891865
1.5562347936854426
-0.3815260463271836
-0.21027115368684254
-0.07420562254794141
0.8759071379909371
0.9415939461269583
1.5093156450168561
-0.6208137045369753
1.1222326685010167
-0.07185966511451208
0.3386828857356206
0.24484458839844742
-0.008518814411920185
-0.8342958309790443
-0.5926622153358233
0.6225437351805695
0.24953650326530608
0.3222611837016153
0.40436969387164184
0.31053139653446865
0.7234199048180306
-0.541051151800378
0.6600790541154388
0.05951395115753037
-0.48944008826493274
-0.3017634935905864
1.7626790478272236
1.0823513921327181
0.8876369251580837
1.2911416037079284
0.4442509702399404
-0.5457430666672367
0.16977395052870886
0.36683437493677257
0.298801609367322
0.38091011953734855
-0.44252093959634614
0.2284228863644421
-0.35572051455946097
0.17915778026242618
0.7844147980871933
-0.04605413334678946
0.02667054708951976
-0.6395813640044099
-0.32991498279173836
-0.5715485984349593
-0.8225660438118976
0.6929224581834493
-0.6372354065709805
-0.46363455649721014
0.4724024594410924
0.012594802488943782
-0.12581668608338667
0.21434714176386613
-0.07185966511451208
-0.20323328138655455
0.8313339467557799
-1.5920400819767178
0.5638947993448362
-0.13754647325053332
0.6178518203137108
-0.8342958309790443
-0.21027115368684254
-0.07655157998137074
1.2418764976059125
1.3709041564445257
0.24719054583187675
1.0753135198324302
-1.1908813608603024
0.0008650153217971333
-1.8805928462885253
-0.2149630685537012
0.7961445852543398
-1.1627298716591503
0.5779705439454123
-0.56920264100153
0.46301862970737506
-0.27361200438943445
0.3292990560019033
0.38325607697077785
1.1574220300024567
-0.9023285965484947
0.6319275649142868
-0.3979477483611889
-0.28299583412315177
0.5380892675771136
0.6014301182797055
0.07593565319153568
-1.2284166797951717
0.3762182046704899
-0.2149630685537012
1.5468509639517254
1.1996492638041845
0.05716799372410104
-0.7216898741744364
0.4465969276733698
-0.7803388100101696
-0.20323328138655455
1.2981794760082164
-0.8835609370810601
-0.40263966322804756
-0.062475835380794764
0.09704927009239965
-0.03901626104650147
-0.17742774961883193
-0.6747707255058498
-0.4472128544632048
0.014940759922373112
1.8142901113626688
-0.04840009078021879
1.0659296900987127
0.5521650121776895
0.8594854359569317
0.5568569270445483
-0.24076860032142383
-0.024940516445925494
1.9057824512664128
-0.8882528519479188
-0.06951370768108275
0.9955509670958329
-0.9515937026505107
-0.8296039161121855
0.5287054378433963
0.16039012079499154
-0.12347072864995734
0.4583267148405164
-0.7404575336418711
1.0002428819626916
-0.3885639186274716
-0.11408689891624002
-0.775646895143311
0.5662407567782656
-0.2947256212902984
0.7844147980871933
-0.6231596619704045
-0.8460256181461908
-2.312249014039522
-0.3862179611940423
-1.345714551466638
0.9791292650618276
-0.062475835380794764
-0.7240358316078657
-0.32991498279173836
1.131616498234734
0.09704927009239965
0.2190390566307248
0.41609948103878847
1.0846973495661474
-0.2478064726217118
1.3286769226427977
-2.162107738300045
-0.07185966511451208
1.3286769226427977
0.8876369251580837
-0.17273583475197327
0.24249863096501809
1.408439475379395
0.6530411818151508
0.4888241614750977
1.8119441539292396
-0.44252093959634614
-0.4847481733980741
0.8876369251580837
0.4231373533390765
0.939247988693529
0.2612662904324527
-0.15631413271796796
0.38325607697077785
-0.08828136714851739
2.8441654246381445
-0.10001115431566404
-0.12347072864995734
1.3779420287448136
-0.334606897658597
-0.15631413271796796
1.6383433038554691
-0.17742774961883193
-0.8342958309790443
0.676500756149444
0.5169756506762496
-0.334606897658597
1.0917352218664353
-0.21730902598713053
0.8782530954243664
-0.19384945165283723
-1.6999541239144669
-0.11408689891624002
-0.7029222147070018
0.7726850109200466
0.33633692830219125
1.3967096882122483
0.09235735522554099
0.9814752224952569
0.7703390534866172
1.166805859736174
1.7040301119914905
1.4107854328128242
0.43721309793965246
2.0535777695724606
0.3386828857356206
0.4958620337753857
1.2465684124727712
0.12050884442669295
0.003210972755226463
-1.202611148027449
0.3715262898036312
2.170875641243927
-0.6865005126729965
-0.6818085978061378
-0.46598051393063944
0.24719054583187675
0.1885416099961435
-0.44955881189663416
1.11050288133387
-0.25953625978885847
0.512283735809391
1.9222041533004182
1.5140075598837148
-0.11877881378309868
0.27065012016617
0.8665233082572198
1.316947135475651
0.9955509670958329
-0.11877881378309868
-0.008518814411920185
0.17915778026242618
1.2371845827390537
-0.2313847705877065
1.1058109664670115
0.5310513952768257
1.331022880076227
-0.34633668482574365
0.6319275649142868
0.519321608109679
0.33633692830219125
0.050130121423813054
-0.327569025358309
0.6858845858831614
-0.49882391799865006
-0.512899662599226
0.38091011953734855
-0.32991498279173836
-0.6747707255058498
-0.4472128544632048
-0.6653868957721325
1.0424701157644194
0.5474730973108309
0.7234199048180306
-0.8483715755796202
-0.2149630685537012
-0.42844519499577016
-0.48709413083150344
0.8547935210900731
0.8852909677246544
0.5146296932428204
-0.3885639186274716
-1.2213788074948837
0.8149122447217745
0.2120011843304368
-0.5997000876361113
-0.23373072802113584
0.5474730973108309
-0.08828136714851739
0.41375352360535916
0.003210972755226463
0.2120011843304368
0.6413113946480041
1.0846973495661474
0.868869265690649
0.4489428851067991
-0.5574728538343833
0.4254833107725058
-0.6982302998401431
0.5638947993448362
-0.4706724287974981
1.3286769226427977
1.4835101132491335
-0.28534179155658107
0.3996777790047832
2.759710957034689
1.0495079880647076
-1.5967319968435763
1.5890781977534534
0.946285860993817
0.3316450134353326
-0.6536571086049858
-1.0360481702539666
0.1252007592935516
-0.16100604758482662
1.0448160731978489
0.7679930960531879
2.0090045783373034
0.284725864766746
-0.07185966511451208
1.2395305401724832
-0.4706724287974981
1.4858560706825628
-0.33226094022516767
0.491170118908527
0.5943922459794175
0.9533237332941049
2.759710957034689
-0.27595796182286375
0.3785641621039192
0.3292990560019033
0.4958620337753857
2.051231812139031
0.31287735396789795
1.1644599023027447
0.18384969512928484
0.6905765007500201
0.09470331265897032
1.1292705408013046
-0.3181851956245917
-0.6255056194038339
1.2958335185747871
0.2941096945004633
0.15335224849470355
-0.982091149285092
1.218416923271619
1.331022880076227
0.17681182282899685
1.0190105414301263
-0.6184677471035459
-0.135200515817104
-0.5011698754320794
0.8196041595886332
0.8454096913563558
-0.03901626104650147
0.5568569270445483
-0.14927626041767997
0.683538628449732
0.20261735459671948
-0.21730902598713053
-0.362758386859749
-0.6301975342706926
0.6061220331465642
0.25657437556559404
0.9369020312600996
-0.0014809421116321964
-0.8741771073473428
1.3497905395436616
1.3920177733453896
-0.4565966841969221
0.38325607697077785
-0.053092005647077445
0.3621424600699139
-0.23607668545456517
0.9955509670958329
0.20261735459671948
-0.0648217928142241
-0.34399072739231434
0.34572075803590857
0.10408714239268764
-0.7521873208090176
-0.8131822140781803
-0.4777103010977861
1.450666709181123
-0.4378290247294875
0.46301862970737506
0.8782530954243664
-0.27595796182286375
-0.42609923756234086
-0.6114298748032579
-1.5967319968435763
-0.36979625916003694
-1.223724764928313
0.038400334256666405
0.9017126697586597
0.7633011811863293
1.851825430297538
0.47709437430795104
0.911096499492377
-0.24311455775485313
-0.4800562585312154
0.8759071379909371
-0.17273583475197327
-0.15396817528453863
1.6594569207563332
0.3152233114013273
0.3715262898036312
0.5615488419114069
-1.7187217833819015
0.06655182345781836
0.4653645871408044
0.6436573520814335
-1.3996715724355127
0.16742799309527953
-0.8483715755796202
0.4817862891748097
0.10408714239268764
-0.25015243005514115
-0.8929447668147774
0.8102203298549159
-0.17038987731854394
-0.7991064694776042
-0.1680439198851146
-0.2313847705877065
-0.6536571086049858
-0.9164043411490708
1.750949260660077
-0.47301838623092746
2.7010620211989553
0.925172244092953
0.34806671546933793
-0.22669285572084785
-0.1985413665196959
-0.8178741289450389
-0.10235711174909337
-0.9422098729167934
0.8196041595886332
-1.272989871030329
-1.2964494453646223
-0.3017634935905864
-0.4777103010977861
1.3802879861782429
0.08766544035868233
0.7633011811863293
-0.6489651937381272
-0.07655157998137074
0.16977395052870886
1.3075633057419338
0.8876369251580837
1.1292705408013046
0.6600790541154388
0.9345560738266703
0.9908590522289742
-0.4800562585312154
0.6366194797811454
0.4254833107725058
-1.3550983812003554
0.085319482925253
-0.562164768701242
0.09001139779211166
-0.733419661341583
1.6571109633229038
-0.33226094022516767
-0.08358945228165873
1.1433462854018808
0.9017126697586597
0.30349352423418063
0.4794403317413804
0.284725864766746
0.2354607586647301
-0.5152456200326554
-0.6677328532055619
-0.7099600870072897
1.0283943711638435
0.6155058628802815
-0.6677328532055619
-0.5316673220666607
-1.1205026378574223
0.3644884175033432
0.8805990528577957
-0.18211966448569059
0.15100629106127422
0.01728671735580244
-0.6818085978061378
-1.1158107229905638
-0.8249120012453269
-0.10939498404938136
0.8735611805575078
-1.289411573064334
-0.08593540971508806
-0.6278515768372632
0.28707182220017535
0.06889778089124769
-0.6161217896701165
-1.33867667916635
-0.40498562066147686
-0.017902644145637504
-0.29707157872372775
0.32695309856847393
0.9838211799286862
-0.13285455838367466
-0.7521873208090176
-0.5058617902989381
1.0729675623990007
0.26361224786588205
-0.26188221722228777
1.621921601821464
1.2066871361044726
-0.8601013627467669
-0.7521873208090176
0.6671169264157267
0.08062756805839434
0.16039012079499154
-0.21027115368684254
-0.8131822140781803
-0.022594559012496164
-0.6794626403727084
2.018388408071021
-0.1750817921854026
-0.4214073226954822
0.3551045877696259
1.7040301119914905
-0.16569796245168528
0.8313339467557799
1.664148835623192
0.27768799246645803
-0.362758386859749
0.47474841687452174
0.11581692955983429
-0.3181851956245917
-1.118156680423993
0.5920462885459882
0.5873543736791296
0.10174118495925831
-0.9867830641519506
1.3920177733453896
1.9315879830341354
0.18619565256271417
0.01963267478923177
-1.9017064631893892
1.56561862341916
0.8454096913563558
0.4724024594410924
-1.5568507204752777
-0.14693030298425064
-2.051847738928866
0.2683041627327407
0.9439399035603876
-0.7193439167410071
0.9509777758606757
1.0987730941667233
-0.7169979593075777
0.5169756506762496
0.8055284149880572
1.5914241551868826
-1.1580379567922916
0.8641773508237904
-1.0290102979536786
-0.42844519499577016
0.6952684156168787
-0.08593540971508806
0.6506952243817214
0.07124373832467702
-0.6606949809052738
-1.2002651905940196
-0.6982302998401431
1.1644599023027447
1.943317770201282
0.41609948103878847
0.8735611805575078
0.5357433101436843
-1.552158805608419
-0.03197838874621348
-1.0008588087525265
-1.223724764928313
-2.115188589631458
0.033708419389807745
0.9720913927615396
-0.41671540782862354
0.031362461956378415
-0.6301975342706926
0.27065012016617
1.5327752193511495
2.182605428411074
2.025426280371309
0.40436969387164184
0.7820688406537639
2.4594284055557347
-0.960977532384228
0.1486603336278449
0.26361224786588205
0.22607692893101278
1.9691233019690046
-0.6536571086049858
0.6460033095148627
-0.04370817591336013
-0.6747707255058498
-0.7169979593075777
0.9955509670958329
0.6905765007500201
-1.33867667916635
0.18619565256271417
-0.08358945228165873
-0.4589426416303515
0.43721309793965246
1.1245786259344461
0.8501016062232144
1.680570537657197
0.45128884254022844
-0.5738945558683887
1.4975858578497094
-1.2870656156309048
-1.2378005095288889
1.5327752193511495
1.3075633057419338
1.4623964963482694
-1.7773707192176347
1.194957348937326
0.7304577771183186
1.1996492638041845
0.12285480186012228
-0.9727073195513747
-0.555126896400954
-1.3480605089000675
-0.49882391799865006
-0.44955881189663416
0.12285480186012228
-0.21027115368684254
-0.25015243005514115
-0.09062732458194672
-1.1510000844920036
-0.3651043442931783
0.3527586303361966
1.1785356469033206
-0.1680439198851146
0.5638947993448362
1.5820403254531652
-0.024940516445925494
0.06889778089124769
0.1252007592935516
0.1345845890272689
0.753917351452612
-0.7193439167410071
0.519321608109679
0.291763737067034
0.7586092663194706
-0.3041094510240157
-0.512899662599226
-0.8319498735456149
0.09704927009239965
-0.17273583475197327
-1.8266358253196506
-0.7451494485087297
-0.8671392350470548
1.9972747911701567
-0.7076141295738604
0.23311480123130077
-0.5715485984349593
0.13693054646069824
0.05951395115753037
0.3762182046704899
0.30583948166761
1.2770658591073525
0.031362461956378415
0.8477556487897852
1.7345275586260718
0.19792543972986082
0.8946747974583718
0.2612662904324527
2.2107569176122257
1.5186994747505733
1.3380607523765151
0.4090616087385005
0.7234199048180306
-0.24311455775485313
-0.0648217928142241
0.7351496919851773
-0.7428034910753003
1.047162030631278
0.08062756805839434
0.19323352486300216
0.12285480186012228
-0.3604124294263196
1.1410003279684513
1.3474445821102323
-0.25015243005514115
0.4583267148405164
0.8055284149880572
1.4952399004162802
-0.0413622184799308
0.746879479152324
-0.060129877947365434
0.7679930960531879
-0.6771166829392792
-0.541051151800378
-0.796760512044175
0.8594854359569317
0.967399477894681
-0.013210729278778845
-0.4331371098626288
-0.07185966511451208
0.519321608109679
0.6225437351805695
1.3544824544105203
1.8752850046318315
0.7562633088860413
0.9275182015263823
0.7609552237528999
1.2113790509713311
0.8618313933903611
0.7398416068520359
-0.36979625916003694
0.031362461956378415
0.8336799041892091
1.0823513921327181
0.775030968353476
-1.0548158297214012
-1.430169019070094
1.0002428819626916
0.6389654372145748
0.9157884143592356
0.5357433101436843
-0.5879703004689646
1.0096267116964088
-1.7750247617842054
-0.1750817921854026
0.6694628838491561
2.471158192722881
0.5943922459794175
0.8289879893223505
-0.16335200501825595
1.2160709658381899
-1.202611148027449
0.72576586225146
-0.6935383849732845
0.6436573520814335
-0.060129877947365434
-0.3510285996926023
-0.939863915483364
0.4583267148405164
-0.060129877947365434
0.967399477894681
0.27768799246645803
-0.9562856175173694
-1.7539111448833413
-0.9304800857496467
-0.95393966008394
1.2489143699062004
0.043092249123525064
-1.4536285934043873
-0.2079251962534132
-0.11643285634966935
0.7820688406537639
-0.8319498735456149
1.1151947962007287
0.19323352486300216
-1.324600934565774
-0.2712660469560051
0.4653645871408044
0.4207913959056471
-0.4917860456983621
0.27065012016617
-0.9070205114153534
-0.5293213646332313
-0.08593540971508806
-0.960977532384228
0.6108139480134228
-0.2923796638568691
1.2981794760082164
-1.0078966810528147
-2.155069865999757
-0.027286473879354824
-0.017902644145637504
-0.7944145546107456
0.3527586303361966
-0.20557923881998388
-0.8037983843444629
0.9345560738266703
1.5937701126203119
-0.013210729278778845
-0.5856243430355352
0.23780671609815943
-0.1680439198851146
0.7562633088860413
0.038400334256666405
1.0917352218664353
-0.17742774961883193
1.5890781977534534
1.5890781977534534
-0.6653868957721325
0.3762182046704899
2.130994364875628
0.05482203629067171
1.030740328597273
0.718727989951172
0.05482203629067171
-2.3896656093426896
-0.3604124294263196
-0.8952907242482068
-0.4706724287974981
0.8219501170220626
0.32460714113504463
-1.580310294809571
-0.135200515817104
-0.341644769958885
-2.4013953965098365
0.7679930960531879
1.3873258584785308
2.0230803229378793
-0.24311455775485313
0.20965522689700747
-1.003204766185956
-0.6606949809052738
0.7093441602174547
0.49820799120881504
0.291763737067034
-0.4941320031317914
1.9761611742692926
1.5186994747505733
-0.5856243430355352
-0.9351720006165054
-0.6630409383387031
-0.7381115762084417
-0.24311455775485313
0.22607692893101278
1.1926113915038965
-1.44424476367067
0.7820688406537639
-0.4143694503951942
0.30349352423418063
-0.5316673220666607
0.8782530954243664
1.7908305370283757
-0.3369528550920263
-1.4888179549058271
0.676500756149444
0.09470331265897032
0.13693054646069824
1.5632726659857306
-0.53401327950009
0.4794403317413804
-1.2190328500614542
-1.075929446622265
-0.3721422165934663
0.8313339467557799
-0.16569796245168528
-0.7709549802764523
-0.28534179155658107
0.040746291690095734
-0.6724247680724205
-1.2870656156309048
0.6413113946480041
-2.035426036894861
-0.28299583412315177
-0.37918008889375426
1.0682756475321422
0.3175692688347566
-0.10235711174909337
0.11816288699326362
-1.0618537020216892
0.3762182046704899
0.10408714239268764
-0.6747707255058498
-0.03901626104650147
1.166805859736174
0.7586092663194706
1.736873516059501
0.8031824575546279
-0.04370817591336013
0.5427811824439722
-0.49647796056522076
0.9134424569258064
1.103465009033582
-0.010864771845349515
-0.13754647325053332
0.3856020344042072
0.6741547987160147
0.02901650452294909
0.6178518203137108
-0.053092005647077445
0.11112501469297563
-1.2565681689963235
0.8852909677246544
1.14569224283531
-1.315217104832057
0.8501016062232144
0.718727989951172
-0.3979477483611889
0.12754671672698092
0.3527586303361966
-0.98912902158538
0.7984905426877692
-0.8976366816816361
-0.24546051518828246
0.3715262898036312
-0.53401327950009
-0.5598188112678126
0.49820799120881504
-1.6248834860447283
-0.10704902661595203
0.27768799246645803
1.2536062847730591
1.0682756475321422
0.4254833107725058
-0.6301975342706926
0.25657437556559404
0.6389654372145748
-0.8436796607127616
-0.21261711112027187
1.9738152168358634
-0.14223838811739198
2.0746913864733245
-0.1516222178511093
-1.2284166797951717
0.6929224581834493
0.8946747974583718
0.3410288431690499
-0.10704902661595203
0.25422841813216474
-0.5058617902989381
-0.0648217928142241
-0.18211966448569059
-0.5738945558683887
0.9369020312600996
0.7797228832203346
1.6477271335891865
2.4406607460883
-1.0571617871548304
0.7421875642854653
1.1832275617701793
-1.5005477420729738
-0.25953625978885847
0.6342735223477162
2.635375213062934
-2.340400503240674
1.166805859736174
-2.0588856112291545
1.6453811761557573
1.9949288337367272
-1.125194552724281
0.06655182345781836
-0.03197838874621348
-0.327569025358309
-0.07420562254794141
-1.1791515736931557
-0.26422817465571713
-0.7404575336418711
0.20965522689700747
-0.4589426416303515
-0.44252093959634614
1.3263309652093684
2.506347554224321
0.932210116393241
-1.0477779574211132
1.061237775231854
-2.403741353943266
-0.705268172140431
-0.02963243131278415
-1.0735834891888358
1.1926113915038965
0.3386828857356206
-1.0501239148545425
1.194957348937326
-0.14223838811739198
1.0049347968295501
2.1216105351419112
0.5779705439454123
-1.0641996594551184
1.4060935179459655
-0.36745030172660764
-1.8524413570873732
-0.5504349815340953
1.201995221237614
-1.8899766760222425
-0.1047030691825227
0.5146296932428204
-1.2847196581974756
1.3075633057419338
1.0753135198324302
-0.7357656187750123
1.4178233051131122
2.6705645745643745
-0.16569796245168528
-2.3685519924418257
-0.18446562191911992
0.8454096913563558
-0.08358945228165873
-2.420163055977271
2.1614918115102095
1.4788181983822748
-0.27595796182286375
1.8705930897649727
-2.797862202759393
0.28941777963360465
-0.8037983843444629
1.7016841545580612
-0.21965498342055986
2.0230803229378793
-0.7709549802764523
0.24719054583187675
1.3427526672433736
1.0870433069995769
2.8347815949044275
2.6517969150969396
-0.024940516445925494
0.09939522752582898
-0.7076141295738604
1.0448160731978489
-2.262983907937506
0.24484458839844742
1.0119726691298383
-0.41671540782862354
0.11816288699326362
1.1832275617701793
-2.021350292294285
-0.5269754071998021
0.24719054583187675
-0.6348894491375512
-2.6641426290539214
2.7385973401338246
0.72576586225146
-1.0243183830868199
-0.12112477121652801
-1.9368958246908292
1.0753135198324302
0.9369020312600996
1.0682756475321422
0.4114075661719298
1.3755960713113844
1.6008079849205998
-2.098766887597453
1.8682471323315435
2.1403781946093456
-1.7374894428493362
1.316947135475651
0.8852909677246544
-1.0970430635231292
-0.348682642259173
0.1815037376958555
-2.720445607456225
0.35041267290276723
-0.541051151800378
-1.1650758290925798
-0.24076860032142383
0.9040586271920891
2.3304007467171215
-2.0753073132631594
-0.28534179155658107
-1.965047313891981
1.030740328597273
0.8829450102912251
0.2612662904324527
-1.3832498704015073
1.2066871361044726
-0.8601013627467669
3.1256803166496643
-1.8688630591213786
-2.2043349721017726
2.1263024500087697
0.960361605594393
2.2177947899125137
-1.7046460387813256
-0.5269754071998021
0.9134424569258064
-3.1896370941420913
-0.911712426282212
-0.7287277464747244
0.34572075803590857
-0.2571903023554291
0.2284228863644421
-0.09297328201537605
2.8558952118052914
-0.13754647325053332
-1.1040809358234172
-1.6459971029455922
1.047162030631278
0.31991522626818597
-0.362758386859749
0.5709326716451242
1.0330862860307022
-0.6935383849732845
1.3404067098099444
-0.3017634935905864
0.9556696907275343
0.9228262866595237
1.5186994747505733
-1.3855958278349367
1.7392194734929305
-0.1586600901513973
0.24484458839844742
-0.6982302998401431
-0.04840009078021879
1.1902654340704673
0.8196041595886332
-0.6466192363046979
0.23780671609815943
0.6671169264157267
-0.16335200501825595
1.1269245833678754
-0.6442732788712685
-0.04370817591336013
1.201995221237614
-0.37683413146032496
1.7134139417252077
-0.5738945558683887
0.21434714176386613
0.16039012079499154
-0.07420562254794141
0.5240135229765377
0.47474841687452174
0.3644884175033432
-1.2260707223617422
0.8149122447217745
0.6671169264157267
0.5897003311125588
0.9720913927615396
-1.709337953648184
-1.7891005063847814
0.697614373050308
0.18384969512928484
-0.9727073195513747
-0.5879703004689646
0.5850084162457002
1.9550475573684287
-1.3832498704015073
-2.10815071733117
-0.4847481733980741
1.558580751118872
0.2284228863644421
0.9533237332941049
0.5075918209425323
0.5592028844779776
2.0817292587736125
1.394363730778819
-2.049501781495437
1.6500730910226158
0.5850084162457002
-0.7521873208090176
1.331022880076227
-0.17742774961883193
-0.23373072802113584
-1.8336736976199386
0.34806671546933793
-0.013210729278778845
0.34337480060247927
2.349168406184556
-1.1486541270585744
-0.23607668545456517
1.9550475573684287
-1.559196677908707
2.177913513544215
-1.188535403426873
0.8876369251580837
-1.265951998730041
-0.8647932776136255
-1.2495302966960355
1.152730115135598
-0.6935383849732845
-0.747495405942159
-2.3239788012066684
-0.7240358316078657
-0.7615711505427349
-0.48709413083150344
-1.181497531126585
0.8477556487897852
1.366212241577667
-0.562164768701242
-0.8061443417778923
-2.73921326692366
1.6571109633229038
-0.3604124294263196
-0.7451494485087297
1.5632726659857306
-0.1445843455508213
0.7492254365857532
-1.3292928494326328
-0.9164043411490708
-0.135200515817104
-0.968015404684516
0.6272356500474281
2.241254364246807
-0.42609923756234086
-0.362758386859749
0.7140360750843133
-0.9727073195513747
-1.850095399653944
-2.0236962497277142
-1.010242638486244
-1.181497531126585
-0.6653868957721325
-1.0548158297214012
-0.6560030660384152
0.9861671373621156
-0.334606897658597
-0.7779928525767403
0.05482203629067171
1.394363730778819
2.0395020249718847
2.5931479792612064
2.175567556110786
0.4442509702399404
-1.3832498704015073
-1.1580379567922916
2.2529841514139535
0.06420586602438903
2.400779469720001
-0.39090987606090094
1.5703105382860187
1.1410003279684513
0.1252007592935516
0.38325607697077785
-0.6536571086049858
-0.30645540845744507
2.968501168609899
0.2190390566307248
1.0659296900987127
-0.7803388100101696
-2.8002081601928226
0.0008650153217971333
3.1655615930179626
0.08062756805839434
-1.814906038152504
0.5474730973108309
-2.201989014668343
0.9157884143592356
-0.8999826391150655
1.6758786227903384
-0.18446562191911992
-0.14693030298425064
-0.6090839173698286
-0.08358945228165873
1.5538888362520134
3.055301593646784
-2.5257311404815908
2.1802594709776444
0.1580441633615622
-1.2941034879311928
1.2653360719402058
0.6389654372145748
-1.1439622121917157
-0.982091149285092
2.499309681924033
-1.5967319968435763
1.4647424537816989
-1.0290102979536786
-0.4565966841969221
3.3673139322928853
-0.14223838811739198
0.39263990670449517
1.218416923271619
0.1815037376958555
0.291763737067034
3.3696598897263144
1.5538888362520134
1.9292420256007061
-1.1158107229905638
0.033708419389807745
-1.1416162547582864
1.53042926191772
-0.5997000876361113
4.047641587987391
2.1075347905413353
0.050130121423813054
-3.7902021970999997
-0.003826899545061526
1.7274896863257838
0.704652245350596
0.28941777963360465
0.6577330966820094
-0.4472128544632048
-3.3866975185501547
-1.8688630591213786
0.7445335217188946
2.332746704150551
-3.7268613463974076
-0.7357656187750123
1.030740328597273
0.2612662904324527
2.6658726596975155
0.925172244092953
4.012452226485951
-0.5175915774660848
0.08062756805839434
0.033708419389807745
1.5703105382860187
-1.8524413570873732
1.56561862341916
0.7445335217188946
0.4114075661719298
-2.150377951132898
-0.16569796245168528
-4.639438788001417
0.27768799246645803
-2.584380076317324
-2.9573873082325877
1.5186994747505733
-2.1456860362660395
1.8987445789661248
3.1303722315165228
0.8594854359569317
-0.6888464701064257
0.12050884442669295
0.8946747974583718
-1.181497531126585
-1.2495302966960355
-0.1915034942194079
2.647105000230081
0.7210739473846013
-0.5058617902989381
-1.174459658826297
-0.6067379599363992
0.14631437619441556
-1.4911639123392566
-3.593141772691936
0.02667054708951976
2.5204232988248974
1.9691233019690046
-1.580310294809571
1.8447875579972501
0.1416224613275569
2.7949003185361287
-2.689948160821644
-0.13989243068396265
-2.14334007883261
-2.511655395881015
1.457704581481411
-0.9703613621179453
-0.8859068945144895
1.345098624676803
-1.3621362535006434
-0.341644769958885
-0.32053115305802105
0.946285860993817
-1.892322633455672
-0.09062732458194672
1.901090536399554
0.6858845858831614
1.7274896863257838
0.24249863096501809
4.2728535015966065
0.2518824606987354
-2.0166583774274263
-0.6348894491375512
1.3920177733453896
1.6969922396912025
-1.2706439135968994
0.30583948166761
-2.6594507141870625
0.65538713924858
-0.003826899545061526
1.5491969213851546
1.835403728263533
-2.3497843329743913
-2.4225090134107004
-0.06951370768108275
1.3849799010451016
-0.7404575336418711
2.0488858547056017
-0.341644769958885
-4.024797940442933
-1.153346041925433
0.7281118196848894
-3.9755328343409166
-4.38372942775762
0.46067267227394576
0.9415939461269583
4.0171441413528095
-1.7679868894839175
1.6359973464220399
-0.34633668482574365
3.357930102559168
0.16039012079499154
2.663526702264086
-3.443000496952459
-0.7615711505427349
0.5287054378433963
-2.441276672878135
-2.9573873082325877
1.67118670792348
-1.786754548951352
0.18619565256271417
-2.1104966747645997
2.6916781914652383
-2.7720566709916703
-1.1416162547582864
-0.26657413208914643
2.0160424506375914
-1.8665171016879492
0.47709437430795104
1.6735326653569091
-1.9368958246908292
2.0488858547056017
-0.44252093959634614
0.519321608109679
-1.709337953648184
0.1815037376958555
3.8881164825141963
-1.2964494453646223
1.4318990497136883
0.5685867142116949
0.8547935210900731
-0.5856243430355352
-2.5233851830481617
-1.6694566772798856
-3.2553239022781124
1.5914241551868826
-3.644752836227381
1.3544824544105203
-0.23607668545456517
2.6987160637655263
-0.35337455712603166
-1.1298864675911398
0.9439399035603876
1.4530126666145522
-1.0430860425542545
0.9415939461269583
1.5773484105863067
0.676500756149444
-1.9908528456597037
1.2700279868070645
-0.6067379599363992
-1.2636060412966115
2.8089760631367047
1.6993381971246317
0.11112501469297563
-0.04605413334678946
-0.5973541302026819
-0.17977370705226126
0.9369020312600996
1.7744088349943703
-1.0055507236193852
0.10408714239268764
1.6054998997874586
3.0998747848819415
3.7825483980098764
2.084075216207042
